2007a82cf7c030245412842ce61022132346e979ca2a1e530465399231bc4c72 4 4 958 39
a328116c7680c01d0d1133907d6e2fd22191d6482abc03c1416d97eaa0893583 11 11 19351 2826
1723c8a27833c3386c0e8e367563a879262d75ee449755007e7a21b55404734a 27 27 46166 13624
e3ca6e9c1e73b2ffb6da800980d11438f7597248a133907a2545f843db3f9058 5 5 5484 390
b12ff10846f26eabe3ff8d306ad6a094b01238a96522ab40aec87c9e0c5ac13c 3 3 4544 84
98462120d54bafd50049750ffe80f737afe450b32b51f19a6af4ea704a46ca97 14 14 5131 0
783309188939a8b9b2a86cf44ee6e5c92f153d11c1f9409c50a70fed6d10518b 3 3 658798 0
db3c3e8f7b04ad47d68c3c4c9a773453065e1d55778dda4c7e12227ab64c40ba 3 3 85142 0
808674d295e59ad8527f85ac9fa21d495c8fb5e3fb2fd3ea3a80ff33a69a795f 43 7 92 24
e880f9d5ec38fb278ec29908fd0151c715476fab200ca3fe07f3886eb4ddc91c 10 8 9024 147
a742a99f56f3994dec283e2bc526a2e63d338564339038ff337c49c05c208a5f 12 12 1834 2
dcfc08cca0b2e636c6c7e135ce3b3a78a691bf730def58fb6644af875749917a 4 4 584 1
eb0bf92fe6f5d608cdb7d69e757e37cb8465d67f848f1e77dd22c0f37e6729a3 4 4 138640 1
0383881d63e6962acea1e3eb4db3b5fdd519993101c948c71cdfacb83f1ee5ef 3 3 3039 0
d47eb0141e14453647556e317cf3dadbc19befb9f1b024b56321e6d01c576ac9 4 4 1183 1
6787e881a9689bb298e0a33b3c25c0944dbfd55ee747a8b794077a563add1d1f 2 2 14987 20
13bcbf5590dc3cdd2ac2fde2967ed45a24bcc42b572714f5c4c1515a90d56809 4 4 2 0
